7461
687
5104
6237
1797
6987
1853
6252
7033
1061
6153
6928
6180
7258
6922
1074
7296
868
7411
1872
8290
7515
9613
7109
10020
1852
7377
7138
4931
1063
1435
9928
5741
9687
2285
7160
8132
4779
6966
7458
2031
9810
430
9314
9560
1925
9706
7356
1137
9910
9908
7359
7337
8243
1834
1819
9721
728
867
7767
6709
9596
9792
2239
9553
6115
7244
915
7169
9666
7223
7231
9713
9332
1820
9903
6739
7524
2240
1651
9719
9562
9575
6149
6814
9642
8077
1954
6740
7031
7276
6203
7418
8246
9782
9592
9918
7947
8343
9643
6105
9723
9638
6898
7000
7133
9685
8428
8420
6958
1612
6235
7757
7387
7525
5151
1652
9617
9580
6750
7316
9730
9595
9363
9805
801
6122
6989
8365
6191
1676
6924
7103
7349
7327
9667
9637
7477
7003
9676
9809
1684
6749
8325
7177
7125
6923
8057
9925
7106
7064
7346
7197
7255
7460
9745
9529
8427
6927
681
7306
9669
9610
9544
7148
9518
6921
9866
9079
9639
9581
9736
9927
9699
6680
9567
6960
9027
9645
9671
7319
9612
8419
1313
9785
8351
9747
7717
9801
9540
6192
1793
6926
7192
6940
7521
9935
8037
9718
7427
7028
9793
9369
9651
7332
9579
9507
9511
8244
8464
9744
9757
7218
7384
7378
9609
7008
9904
9547
9803
7430
9558
9599
9787
7062
7164
9915
7236
9114
9668
7298
9921
7013
9632
9737
9106
9516
9597
8483
768
9531
9520
6042
1835
9749
5349
9761
7383
1756
9813
9710
9690
9786
8426
9644
9838
7092
1851
9814
9823
7072
8312
9587
7347
6959
6413
7568
1757
9811
7343
9601
991
7354
9695
7181
7305
9436
8171
7353
9929
4807
9827
9802
6805
6806
9619
7096
9733
9727
7119
7282
8297
2286
7566
6992
9702
9568
9731
7314
9615
9563
2191
7162
7163
9660
9576
9804
2053
5165
9298
9630
9696
2278
9510
9538
2057
7475
6221
6077
7268
9833
10019
9577
2108
9759
7107
7404
7025
9640
1890
9784
685
9663
6981
8354
6969
7036
9794
6963
9830
6951
9559
9089
7342
9882
9565
9900
9537
544
9824
9766
9716
4884
9906
6975
9566
7217
9625
7520
9585
9652
9517
9598
9735
5210
6994
7252
6907
9536
9758
9867
9653
2016
9588
9557
9541
6979
870
6919
9711
7424
8214
9664
9808
853
9654
9626
9924
9564
9528
9670
7375
1622
9589
9569
2171
9873
9535
7529
7127
9828
9525
9551
9523
5486
7333
9661
7350
9799
6970
8234
8311
9634
9561
9797
9548
8386
6931
6990
9907
680
7471
9622
9829
9677
7416
7358
9743
9741
9839
6008
9769
9646
9920
8430
9521
9571
8238
9657
9854
9539
9586
7061
9392
9806
7077
6915
8376
9629
9874
9583
765
9659
9508
9722
6118
2212
9712
9594
9542
8472
7130
9754
9067
9931
9530
772
9556
9883
766
9546
854
546
9938
7207
9901
6920
7158
8233
7071
9616
9937
9732
9515
9081
9898
9353
9680
9665
9649
8326
9543
9522
4958
9552
9514
7248
9849
9084
9771
9099
9647
9877
7394
9085
9790
6094
9383
8213
9876
9519
6109
9836
9635
9779
9413
9075
8307
2017
8284
9899
932
9370
9339
7530
8236
9775
9620
9312
9533
6986
9778
6976
7165
7120
9917
9095
9796
9608
7206
9578
9584
9070
6997
9886
7323
9574
9933
6929
9636
6096
9650
9720
1257
6134
1552
9885
9850
9692
5395
9045
6932
9343
9726
9700
9791
9774
1303
9875
9835
8227
9698
9524
9800
9708
1166
9526
6974
9841
9513
9672
9591
9506
1829
9897
9878
9840
9703
9134
9919
9756
9871
9550
9832
9855
9807
9768
5644
10022
9831
9593
9742
9880
9624
9678
9879
9545
7126
159
8235
9611
9582
9911
9881
9739
9905
9868
9729
7199
9606
9714
9694
9131
6911
9777
9336
5717
9512
9534
9103
9834
8237
1254
9381
9748
9852
1062
9450
9815
9825
9631
9600
7250
9870
9573
9783
9104
9890
9848
9780
5249
9888
6141
9684
9689
9532
9872
9476
9102
9621
9826
9549
9788
9820
9843
9913
5836
9125
7372
9503
9693
6903
9554
7514
9570
9133
9819
9380
6957
9853
6971
7203
6255
9572
9772
6943
6830
6897
9679
9822
9847
9590
9709
9837
9705
6424
8285
9656
9128
6967
9936
9846
6258
9455
628
9845
630
5651
9887
9725
403
7307
763
6214
9408
6390
9683
9851
8366
7202
9673
9902
7209
9717
9078
9509
9121
9707
1006
7166
9682
7081
7117
8275
9869
5800
9115
9776
9755
9451
6119
506
7280
8424
1317
9697
6944
5748
350
9821
1002
6123
9452
9091
8247
5860
9798
6240
9416
9817
9641
5893
9738
8378
9100
9781
5577
6242
9770
9894
6009
7208
9812
7419
8337
4857
6163
6071
6125
9527
7147
9412
6128
6434
5907
9407
6900
9892
6244
4840
8256
5837
9058
5984
9394
424
9069
5798
9113
6016
5856
6901
6154
6188
108
5779
9701
6193
6046
6126
6140
8283
5865
9893
6908
8369
6112
6138
5776
6136
6086
7143
9789
5784
9390
9382
6101
8264
6956
7516
6202
9352
6107
6169
351
6918
6099
6132
1158
5718
6064
8259
6091
6938
8306
6917
6131
6172
6036
4939
1066
6198
6010
6961
6151
9111
9481
6106
6111
6088
6011
9602
8230
6195
6035
6173
6209
6220
5832
6184
6238
6194
9386
9321
7183
6100
6174
6069
6177
2317
6945
5279
265
8387
9895
997
5353
6038
6189
6210
6133
9105
6076
9686
9470
6021
9402
6039
8334
6102
6025
6142
6070
6024
6074
6104
5831
9433
6150
9323
6113
5830
9555
9371
8249
6166
6124
6040
8258
8222
992
9437
9388
6092
9914
6243
6217
9421
5253
6034
8240
6023
9409
6114
6137
6087
6145
6085
6913
6095
5811
6968
6017
6013
5867
6127
6201
8241
9454
9891
6098
6973
6073
7102
8242
6030
9427
6268
6041
6097
6218
9471
9405
6108
7517
9130
8422
5950
8335
7058
1070
6284
7273
6148
7067
7415
7213
6019
6022
5772
6020
6147
6012
9442
6090
7322
9404
9057
7002
9795
6276
7111
7186
7396
7413
9453
7288
7287
5768
6216
7373
7355
7328
6984
7417
9391
8357
7063
7308
7167
9399
7026
8231
8584
6904
6939
7014
9764
